These are the results of the 1d convolution of the input and filter that are shown below.

INPUT ARRAY: 
-4.14968 3.91611 -3.1031 -1.01992 2.43512 0.603899 3.09567 0.117126 4.95085 4.66611 -0.739492 1.52999 4.61533 3.57987 -2.05974 -0.853554 0.148929 2.89785 0.442728 -4.0637 -0.677405 3.44927 2.72846 -3.08141 2.80367 -3.18657 0.791415 -1.85869 -0.880154 4.92305 -3.36078 -1.65152 
-4.23782 -3.25476 -4.627 -0.325852 1.74113 -4.33297 -1.10218 -3.34601 4.90804 3.70639 1.72653 0.877059 -2.44986 0.930454 -2.2828 -2.29519 -4.0407 1.32556 -3.48727 4.48862 -4.57396 2.35089 -0.34503 -2.7746 0.714842 1.04569 1.98002 1.64686 -3.26348 2.51495 3.24917 2.53096 
-1.80951 0.325512 -3.52446 2.92628 4.12531 2.94381 -4.90592 0.100529 -2.04406 0.599189 0.0417251 -1.89984 4.82579 4.64455 -0.514364 -1.96486 -4.43792 3.01919 4.83813 -4.48937 -2.60197 -3.95301 0.347969 0.21407 -1.70021 -1.82362 4.77858 2.35087 4.53617 -4.50532 0.72538 -4.39155 
3.11628 4.79186 -2.74175 -0.936305 1.19046 2.54556 4.15988 -4.63508 3.30576 4.03643 -3.24008 0.667828 -1.71818 -1.05431 -0.35448 -3.16732 -2.425 1.10549 -3.03496 -3.58707 1.69344 3.01833 -3.44104 -0.28572 -2.44272 4.93978 1.98761 3.47351 -4.30619 -3.08214 -4.91853 -0.60347 
-1.10387 -3.64343 -2.50769 -0.386082 1.98389 -2.93143 -3.17738 -1.05607 -3.57538 2.15652 -0.268804 -1.3828 -4.9969 4.72109 -2.57403 1.5428 4.402 0.96257 4.03858 -1.68468 -1.95957 1.75398 -0.502154 -0.909676 1.18305 2.44505 -4.52655 1.76037 -4.81802 0.346748 4.38174 -1.21956 
-0.0768945 1.75751 2.84188 3.93682 2.27119 -1.78486 -3.54763 -2.62817 -2.88077 -2.84497 0.781767 2.52816 2.90235 -3.66562 -1.19545 -1.2645 -1.95478 1.44799 3.22678 2.82788 0.243809 -2.9084 1.34027 1.39567 2.38946 1.80354 -1.00594 -4.92914 -2.37148 3.63901 1.44201 1.24378 
1.26034 0.895665 4.66505 1.15464 -0.3172 1.21017 -3.41206 -3.57504 3.6501 -4.03219 -0.457846 -1.74252 0.143593 -3.6635 -4.30253 -4.70467 4.83548 4.58699 -4.97984 -1.2056 -0.942613 -2.9903 -1.43827 2.3465 1.25217 -1.43212 -3.82887 1.60441 3.52671 -3.26831 -3.20185 1.33661 
-0.197596 -0.687035 2.53998 -4.71065 -4.17955 1.08019 1.5124 3.5408 -2.2331 1.50933 -4.28649 -3.57653 -3.74125 4.45738 4.36528 4.1847 -3.85857 2.32253 2.38761 -0.0176653 1.88348 2.30259 4.07376 3.83554 3.05097 3.66969 -0.796666 -0.194022 2.71371 -2.83122 -4.84601 3.98071 
0.932051 -4.14489 -3.34322 -2.10234 4.87377 4.25162 3.39067 3.31568 -3.16106 1.5713 -2.77802 -1.10641 2.00861 -4.45343 3.60483 1.75776 1.70838 -4.89403 -4.54045 1.63368 4.40818 -1.93364 4.51851 -3.91342 4.33384 -1.25538 -3.51199 -2.56672 -1.06554 -3.43561 -1.15708 4.753 
3.26041 -1.80884 -3.15161 -0.278824 3.43494 -1.55671 1.65252 -0.655934 -1.0668 2.62639 2.93802 4.41105 0.165766 4.63232 -3.06221 -1.70457 0.406716 3.99801 -2.98438 -0.210022 3.03223 3.2358 -2.10761 4.46806 -3.6194 2.17166 2.66961 -2.80175 -3.38715 -3.88293 3.88836 1.51704 
4.20424 4.2924 -0.144378 0.68964 -3.5357 2.38897 3.91826 -1.16087 -4.61477 -2.47677 3.30802 2.65449 -0.294825 4.23535 -0.954734 3.92015 1.08089 -2.00357 -0.876396 2.12823 1.07795 -0.202914 -1.96758 -3.38953 -0.418578 -2.2085 3.6452 -0.605924 2.27976 3.27775 -4.73749 -2.94718 
0.736546 -3.36722 -0.946959 -2.64305 -0.147538 1.37483 2.19688 0.340066 -4.08784 1.32732 1.55232 -4.18635 -3.46273 1.17354 0.354778 -2.66393 -0.693218 -2.06393 4.32374 1.29655 0.276278 2.02241 -0.0566949 4.19976 2.37948 4.6319 3.31739 -3.82231 0.52269 1.57861 4.03466 2.65855 
4.79569 0.00738292 -0.603402 3.7727 -4.62618 -4.41777 0.582823 -3.00159 0.465036 1.56868 -3.04297 -1.99033 0.186147 2.17647 -1.20632 1.15479 -2.14361 2.47458 0.119474 0.767511 4.70931 4.63475 2.25824 -4.71677 2.69641 2.13023 -0.197108 -2.35921 -2.37568 1.34632 4.38381 0.403315 
1.41024 -1.12093 -2.90199 4.49028 4.1378 -1.49447 -2.24458 -4.60867 1.4879 1.90569 4.6262 1.83256 3.66886 3.47565 2.70069 -4.4258 -3.95616 -0.903585 0.481153 3.50982 -4.53826 4.66129 2.88809 0.368979 -1.87149 -1.22741 3.79432 4.69592 2.34735 -4.98908 -0.432244 4.38507 
-0.966575 -1.53496 -2.57389 2.6445 2.17889 0.166053 4.72064 3.64972 -2.57978 2.52667 -4.7578 4.60805 1.48536 0.884933 -2.20334 -0.59263 3.63561 2.68427 -2.28744 -4.40889 -2.83389 2.07951 -2.06714 -0.469625 -3.69977 3.48383 -2.4829 -2.1033 -3.43347 -4.87533 2.2755 -1.22709 
-3.91082 0.974695 0.376633 1.70127 -0.341347 -1.50737 1.26122 2.77133 -2.26377 3.73216 2.80272 0.383136 4.51297 -0.28972 1.16622 3.82469 -0.224453 -4.40177 -3.18094 -3.00146 4.66909 2.51426 3.07205 -2.24643 2.5389 1.78208 -3.96189 -1.39296 -4.26057 4.69518 0.0280871 1.94652 
-2.61933 -0.754012 -3.22322 1.98122 -3.25564 -4.14639 3.68365 -3.28434 -3.56296 0.95552 3.20108 -1.4902 1.26634 3.2149 -0.0261716 -3.31405 -4.14741 -3.2975 -3.45122 3.40426 -2.33914 -0.564491 1.95623 3.12974 -3.60041 -2.53173 -4.16911 4.47277 -3.12818 -0.188191 -2.18148 1.62019 
3.90016 -1.54846 -1.47886 -4.94328 -2.59928 4.05018 -2.87828 -4.22135 -4.90308 3.21175 2.12817 1.28033 0.962283 -0.236466 0.245373 -1.18931 -4.24962 -1.89707 4.25825 -1.85735 2.43183 1.32745 -4.86246 -3.18646 -2.60941 3.83039 -1.06574 3.30624 4.84777 -4.93274 -1.62536 -1.18004 
1.51388 -3.86626 -3.06074 -1.70706 2.61963 2.61043 1.29271 4.97822 3.30123 -0.678868 -4.6621 0.689751 -4.38555 4.82639 -0.576639 -0.837437 -4.10085 1.05371 0.207485 0.0805877 -4.3014 -0.306721 -2.97508 -3.86397 3.64868 -0.307508 4.32906 -4.1606 -1.90056 1.93469 2.14836 -0.821337 
0.446462 0.260907 0.29465 2.98684 -4.92281 -4.71687 -2.58181 4.20646 -0.860291 -1.13017 0.280795 2.49273 3.80767 4.65618 0.908413 -2.31303 0.985819 2.73216 -2.79634 -0.371235 0.232323 4.62734 -3.2963 -4.98972 -3.05968 0.910033 1.93759 3.01826 2.25217 1.76876 -0.0635047 0.513809 
-2.02036 3.30561 2.62863 -2.47835 3.81491 -3.06277 4.78034 -3.81911 -0.110386 -3.03451 2.54801 3.19947 -2.89296 0.117932 2.41087 -1.69917 -0.632246 1.56042 4.05949 -0.966803 -0.224655 3.21595 -4.64297 -4.56864 -3.01121 2.98054 -4.94904 2.01739 -0.474743 4.98998 -3.9612 1.06889 
-2.64797 -1.44353 0.682675 0.478331 -0.0735779 -3.97704 -3.91439 -1.52923 3.23512 3.86479 2.0739 -3.19277 3.48783 -2.61184 3.88733 2.68194 4.50308 0.135831 -0.751485 -2.36036 -1.55414 -0.472522 -3.32076 -4.01255 -1.0069 -1.98747 4.0787 -4.67787 -3.30934 -1.77464 -4.146 -3.3061 
4.27069 -1.32705 -2.04348 0.558136 0.4837 -3.34923 1.73868 -4.30873 0.0628771 4.65578 3.1667 -0.623512 -2.61306 0.487926 1.0943 2.46686 0.680818 -1.82272 -3.35904 1.37623 -2.81197 -2.90938 -2.32442 2.60196 -2.32376 1.12647 -0.390072 3.75574 4.65323 2.09484 -4.68706 2.51843 
4.00392 -4.50181 4.05971 1.18654 2.56973 2.80924 0.0929835 3.33863 2.48288 2.70988 3.80797 3.84103 3.11015 4.82077 -3.23172 -0.301493 2.76101 4.22865 1.21242 -0.878619 0.209531 0.518939 2.88843 -3.61446 -0.535622 -4.01434 4.67558 -4.42415 -3.25451 -3.68937 1.41676 -1.25828 
-4.31699 -2.41767 -3.00829 2.90558 -4.35134 0.540062 4.1653 4.27077 -3.08597 3.33546 -2.26092 -1.46977 -1.18136 -2.07814 3.82768 4.02372 0.432771 4.56004 -0.420744 2.21343 0.359672 -1.58869 4.77154 -1.71623 -4.58036 -2.28873 -4.9604 -2.94831 -1.63217 -4.89154 3.49704 -1.41421 
3.02512 -2.76546 4.20234 -1.78655 3.67348 -4.90684 -0.972322 1.34426 -4.2338 -1.7776 -4.36383 -1.31937 -1.97576 4.89437 2.06756 -3.4704 0.772123 2.58009 4.23035 -0.366606 -4.36868 -1.37159 1.71447 -2.95706 -0.190558 -1.74744 4.54283 -4.53029 4.40035 2.62385 0.927944 4.8946 
2.46045 -1.12524 -3.4853 1.23647 4.31327 2.02275 0.806815 4.80493 -4.23217 -4.8181 4.78185 3.5334 3.73721 -4.00496 1.87142 2.5765 -1.52003 4.94683 -1.82255 2.34023 -3.25667 3.69387 -0.830942 3.6365 -0.414264 -4.62789 -2.10442 2.53242 -1.34645 0.782056 3.01967 4.93814 
-1.32735 -3.40882 4.34928 -2.32237 -2.43467 -1.6746 1.7576 -4.41708 1.10078 4.17989 4.61187 3.7107 -3.22544 3.03048 4.24608 4.78534 -0.790293 -1.53528 -0.946221 -3.82933 4.42431 3.4369 2.60746 1.20877 0.130183 1.11539 -0.610599 -2.42527 4.24523 3.14678 -2.34276 -1.14443 
-1.23369 4.72776 3.77996 -1.78864 -3.51993 -0.379782 0.921156 3.48214 -0.789924 3.48326 2.31976 0.490027 -2.08738 -3.46427 -3.54316 -2.4532 3.26524 -4.77363 -3.77653 -3.06035 -2.024 -4.94155 1.26244 -1.89917 -2.23353 -1.45339 1.20428 -2.05153 -4.32424 -0.125162 3.51033 -3.86745 
2.78048 -3.42853 1.29827 -3.54047 2.21103 -2.70569 -2.07841 -0.831646 -2.77598 4.24839 0.353154 0.105725 1.58513 3.29022 -1.07367 1.91149 -0.56639 0.205556 2.37918 -1.0474 -0.391794 -0.831109 -0.531263 -3.99979 0.743104 -1.04764 2.7694 2.24751 1.63319 4.57441 4.81746 2.80637 
-2.38661 1.21518 -0.0214514 2.35832 -1.85677 -3.4409 -1.52395 4.54481 -1.81128 2.29446 1.83283 -2.59624 0.810991 2.98449 0.0735511 2.91056 -1.56627 0.573551 3.32239 -0.701003 4.29742 -3.08113 2.80614 -4.65135 -3.37293 0.874454 -4.98983 2.47973 -0.680259 -0.0237383 1.19798 3.83261 
4.91448 -2.559 -4.58564 -1.58043 -4.30496 0.54926 -2.41774 -4.9215 3.28622 1.08706 -3.11124 3.97254 4.63319 0.624997 -0.950163 -0.72171 -0.35174 -1.18234 4.23877 0.382588 0.0622196 0.334343 -1.11766 -1.55031 -0.258016 -3.44488 4.47652 3.39581 1.38508 -0.712807 4.73529 -4.99739 


-2.31387 -3.81285 3.75407 -1.72319 -1.93329 0.854955 4.87237 -3.86744 -0.145575 -1.58094 3.27708 -3.97333 -0.0261765 -0.406388 -0.64638 -4.52459 -2.43972 -0.652101 -4.45288 -1.49268 3.3888 4.98776 -1.35028 2.63204 -3.30567 0.298463 -4.89461 -2.16406 3.31822 -0.499957 1.67335 -3.62651 
0.725564 4.71873 3.41625 0.519986 3.00974 2.90931 1.92636 3.26893 -1.95854 4.84274 2.13964 0.382137 -2.40277 4.70867 4.52354 4.58884 3.03229 -3.74618 -1.28748 -0.877882 0.181718 3.82835 2.1476 -2.65462 -1.36286 2.90457 -1.78167 -1.57914 4.79834 -3.24395 -1.95507 0.205805 
-3.55988 -1.18194 -2.57007 1.61674 3.50055 -4.18035 -4.90608 -4.59767 2.90422 -1.34107 -2.65304 1.95314 4.26153 3.19252 -2.51632 4.35766 -2.01928 2.8786 4.97756 0.43465 -4.03268 -2.37706 -3.49613 0.672465 3.65782 -0.367461 3.09594 -0.411341 0.0771541 -3.82003 0.200073 1.0389 
1.58447 3.06046 0.497572 3.17636 -3.4252 2.92281 -1.94193 2.46364 -4.88212 1.836 1.91813 4.38028 -1.01063 -4.99367 0.569173 0.274479 0.00546704 -1.30956 -0.336794 0.951802 1.71054 2.43325 3.50854 4.19226 2.37864 0.69991 -0.453262 0.745255 -3.54458 3.89195 -3.31412 0.190596 
1.99169 -4.05849 4.47205 2.23612 1.215 -1.7522 3.42461 -4.9672 2.99525 1.22677 3.76375 4.17101 4.07131 -2.11805 -1.81377 2.17154 -3.62398 1.02784 -2.56268 0.354383 4.51335 2.45379 -3.1346 1.56904 -1.09459 -1.25312 3.77846 -4.40969 3.38792 1.95363 -3.15903 2.85742 
3.02515 2.82143 4.47946 0.79593 0.794169 -4.64861 -1.2975 4.37779 -0.111529 4.81907 2.66842 -0.345473 -4.48176 -1.19435 -4.66817 -3.04956 0.907024 -3.4624 -3.53094 -2.72308 4.40077 0.199483 -4.56673 -1.75162 1.87046 -1.65541 -1.08269 4.4258 4.90613 3.98495 1.6411 -0.576905 
-0.452566 -1.6608 3.84456 -2.33165 4.30169 -0.191091 2.32396 0.922117 -1.58636 -3.71042 3.23251 4.16758 3.90165 -2.19686 0.754005 1.54557 3.50078 1.0222 -4.53709 1.81307 4.34459 -3.25817 -3.3643 -0.845627 2.97094 -2.73452 4.64384 -3.7412 3.74042 -3.91751 -0.270697 4.22766 
0.967427 0.643499 2.33219 -4.81644 -0.461631 -2.69954 -1.63208 -2.82963 -3.84439 -1.83469 -3.82664 -2.23191 1.64337 3.162 2.58346 -0.45306 -4.0481 3.54454 -4.39579 -0.0604368 2.34947 -2.69526 2.12003 3.23278 2.91143 -2.40867 -0.7942 -4.05699 1.56036 4.53066 0.414302 3.64878 
0.628638 0.832698 1.41689 -2.27217 2.67533 0.493087 0.387564 -1.18204 -2.568 0.565991 0.759865 -4.53518 -0.819724 -4.29059 -1.70551 -3.34486 2.55295 -4.6164 -0.0964959 -3.74895 1.73138 -1.79289 2.70086 3.52346 -2.69654 2.96613 1.73469 -2.98402 4.05529 1.24458 1.22229 2.40476 
-4.32958 2.58122 -1.3344 3.06832 2.68748 4.14168 -4.80289 -1.62719 -1.47179 -2.17519 -2.40846 0.613063 2.64938 1.79418 4.09471 2.53389 3.38917 0.773327 2.95788 0.220463 -1.27541 -2.48605 3.96437 3.64017 -4.11508 -4.41295 2.30043 -1.74501 4.25389 0.808873 -0.442243 2.40072 
3.08743 -2.76816 -4.45443 0.551316 2.00139 -1.72707 -0.330113 3.7425 -4.37037 1.98014 -4.77507 -1.22922 -3.60512 2.102 -4.99836 2.26559 -4.39293 -2.49779 1.3755 4.93162 -1.11129 -2.78272 -2.427 0.406511 2.41036 -1.42716 -4.6357 3.02591 2.25909 -0.397436 -2.55767 -3.81083 
4.06417 -4.56112 -3.35991 -0.874525 2.71278 2.18259 -3.93694 3.49716 -1.13779 3.56018 3.75224 -3.91234 -1.48231 2.72957 -3.37097 2.50605 2.46946 -3.17656 -1.01697 0.727466 -1.16257 -1.12405 4.8045 -1.58091 0.984161 -4.2488 1.1611 3.85585 3.10727 -4.79971 1.21462 -1.81494 
0.91888 1.73822 -2.16081 4.4333 -4.82425 -1.86715 -2.44593 -1.36669 -0.138899 4.05252 -2.52536 4.96692 -3.31506 3.09087 0.476261 -3.184 1.02265 2.55716 3.72616 -4.82031 2.94439 2.48826 -2.19437 3.87964 -3.99419 -3.43711 4.50487 -2.46269 0.202503 2.63611 -2.90216 -4.47384 
-3.42574 3.13402 -2.44781 -0.1489 -0.885998 -0.543549 4.82955 -2.80253 4.32272 1.44709 -3.78609 3.3746 -1.57146 -0.88691 -2.99001 -3.19879 0.129714 -1.4242 1.27276 2.2017 -3.38511 1.26798 -4.76045 3.31342 4.42354 -3.39664 -0.173221 0.347156 -0.967149 1.5507 -4.1041 -1.40073 
2.11508 -4.77843 -4.51556 4.62694 4.20292 3.96727 -1.89394 4.29054 2.63557 -4.05331 -0.710645 4.00186 -1.18012 -2.35292 2.81485 1.02851 -1.62364 -4.43161 4.11139 1.6418 -2.65132 2.01497 -4.01329 -4.65172 -1.48003 0.428316 0.715486 -0.504398 1.42274 3.26188 -1.98966 -4.31505 
1.79249 3.17641 -3.1876 -3.61576 -1.963 3.33812 2.84534 -4.45401 0.874662 1.28278 3.10678 4.97712 -1.36961 0.195659 -3.65497 -3.52986 4.39398 -4.49623 -4.66493 4.74292 0.129374 1.72527 -2.6879 4.68925 -4.73176 -2.79149 2.03981 3.92556 4.69214 -3.19958 -3.44663 -2.91679 
-4.70711 -2.6169 0.523308 4.84022 -0.138728 2.5925 4.76015 3.21536 -2.14854 -4.06746 1.55428 4.96172 0.773563 3.86741 -1.95672 4.8422 0.355854 -1.78889 2.82692 3.74146 -1.37502 -3.44369 3.62125 -1.8426 2.26494 -3.14893 -3.40191 2.11104 2.99528 -3.11224 4.58912 0.757174 
-3.08055 3.31187 3.54813 4.08645 -4.94641 -3.30354 4.01749 -1.74893 -1.62771 -4.38338 1.13879 1.16843 0.219348 4.91992 1.65319 1.45537 -1.12669 -3.64226 2.24131 -4.58143 0.673415 -4.90958 -4.7576 2.68301 2.46995 -1.78778 -0.729549 2.88734 -2.23543 -1.44312 2.84567 1.36274 
1.9373 1.0346 -1.95965 0.711538 1.80604 3.32466 -3.16016 -1.98102 4.26636 2.5518 3.29953 2.94369 -2.57567 2.21067 1.88433 -3.03979 0.920979 1.7284 -3.03785 -1.18752 -0.520785 2.87378 4.8635 3.14782 0.408217 1.33877 3.23474 -0.465924 -1.30371 2.43064 4.91664 -0.836512 
0.47755 -3.84206 -4.83451 -3.37158 -0.449469 -1.89576 4.53892 -0.318902 -3.64957 4.46741 2.88649 3.48918 2.07936 4.25668 -0.251796 2.83515 3.54279 -0.487051 3.00785 1.23988 0.689682 -3.201 -0.287127 -0.538778 4.71776 -1.34865 -0.811648 0.516144 1.93776 -4.84831 4.56701 1.08211 
1.12499 2.13528 4.37137 0.848529 2.58393 -2.0077 -2.08985 2.0646 4.49971 3.1329 3.02904 -0.120602 1.11795 -1.35028 3.95505 2.8197 -2.89955 0.624262 0.738952 4.19556 1.02501 3.02659 -4.68628 -4.39887 3.33309 2.66338 3.96948 3.48126 4.46815 4.87667 1.77797 -4.94335 
-0.543454 2.80694 2.96607 -1.31603 3.61321 -3.79381 0.414052 1.05444 -0.677805 -4.49174 -3.91252 2.86901 2.65377 -4.44403 -1.16367 1.31585 -3.17062 -0.0984028 -4.8256 4.88066 3.76666 0.19191 -0.484557 -4.6218 2.28643 -0.231825 -4.60092 -2.1472 -2.81026 3.67655 1.24534 -3.84411 
-0.97729 2.28754 -2.18729 -1.78806 0.560841 -1.80235 0.197163 -1.7381 3.38261 0.520285 1.15212 -3.16995 3.68595 0.969665 -1.46663 1.89809 1.62933 -3.49077 2.7834 -2.56528 -2.65113 -2.18101 -3.87537 1.40209 -2.55138 -1.96591 3.97877 -3.40076 2.19092 0.964252 -1.06745 -0.564174 
-4.58584 -3.19108 3.93804 4.56322 -1.70076 3.73483 2.72834 4.69112 -1.12815 3.6079 -3.41051 3.014 0.643747 0.410706 0.356373 -4.45193 -1.193 3.87811 3.5994 4.20713 4.8654 -1.20657 -1.01336 -4.81196 1.92397 -0.266563 0.645252 -1.00422 3.48978 -4.2216 4.40713 -3.26912 
3.3603 1.6721 0.195209 -1.80344 -1.35241 -1.10078 -2.43989 2.8259 3.24097 3.97701 -3.53769 -3.96794 0.783705 -3.91526 -1.80134 4.1337 -0.482978 1.91001 -3.03414 -1.18454 2.04259 4.2247 3.39766 3.24104 -2.65953 -1.65063 1.49343 -1.96125 1.19492 0.831834 -0.171084 1.46666 
-1.50104 -1.38566 3.75197 -4.83668 0.820898 -4.34536 -1.86296 -3.95569 3.06326 -2.44874 -1.77773 -2.58087 1.09054 -3.96669 -4.05289 2.30982 2.76801 -0.298961 0.44282 -1.6865 0.768246 -4.69762 -3.75009 4.42986 -0.763231 -2.31956 -4.30326 4.53772 -4.16749 2.81047 -3.90299 -0.788584 
-2.68557 4.50459 4.0247 4.51189 4.36337 -0.219149 4.1745 4.29818 -0.314221 1.40551 3.22971 -1.8784 -3.80597 1.48722 -2.26806 -0.504389 1.90258 -0.563228 -0.11119 1.02777 3.36917 0.344917 0.501144 -1.27511 2.62807 -4.73533 2.4919 0.251272 4.23231 4.81703 0.154338 3.22839 
2.70169 -0.0865765 0.680109 3.82674 4.55137 -4.45465 -3.71506 -1.27477 -2.95178 1.59641 -1.5514 1.98054 1.88943 -2.14243 3.77374 3.32844 4.08742 4.30875 0.54471 -0.395846 -0.179896 2.09323 -3.79844 -4.77186 1.37241 1.69834 0.947277 0.58664 -2.31951 -3.05539 -4.35978 -4.99884 
2.77931 1.78516 4.24814 2.26288 -2.69556 -3.71002 -1.87568 3.23395 1.13378 1.24861 1.83584 -0.293999 2.85434 3.36026 -1.76496 -0.297379 -4.25794 3.70713 -1.38525 -4.33083 -0.853947 2.24982 -3.83481 4.21234 2.52648 4.72307 0.00599264 -4.33389 0.227753 -4.30584 -2.24163 2.37241 
1.22453 0.169441 -2.54594 2.57997 3.45825 -1.42516 2.64818 -4.0724 -4.42463 0.445356 -4.52593 0.712604 2.1711 -1.60995 2.23303 3.89669 1.47368 4.56514 -3.88386 -1.00532 -2.37427 -3.02734 -2.62864 -0.974044 3.28662 3.03185 2.84856 -0.726115 4.27576 1.14066 0.253672 0.182336 
-4.50644 2.97008 -3.97705 -0.550393 2.88974 -4.6844 2.90038 -0.770148 3.16464 -4.01858 -2.17788 0.23019 -2.90077 3.90686 1.36079 3.19958 1.0878 -4.46666 2.49374 4.7783 -3.78937 1.24619 2.86625 1.792 4.74434 -1.10003 -2.21016 0.665468 2.36755 3.0973 1.69669 3.05825 
1.37104 -2.39548 3.62673 -2.13807 -4.9766 -1.01544 3.32602 0.558072 1.99274 -2.34998 -1.32574 1.33034 -2.06041 -3.3103 -0.858114 -1.64081 -2.31449 1.47529 -4.34024 -2.55691 4.49851 2.72956 3.42192 4.56654 -3.99006 0.911396 0.319835 4.22213 2.95793 3.16899 -2.34068 0.476389 



FILTER ARRAY: 
0.111111 0.111111 0.111111 0.111111 0.111111 
0.111111 0.111111 0.111111 0.111111 0.111111 
0.111111 0.111111 0.111111 0.111111 0.111111 
0.111111 0.111111 0.111111 0.111111 0.111111 
0.111111 0.111111 0.111111 0.111111 0.111111 

CONVOLUTION (time = 3 ms) (input*filter) ARRAY: 
-0.707533 -0.707476 -0.707397 -0.708482 0.70621 0.706498 0.702742 -0.724884 -0.708758 -0.83439 -0.707458 -0.707439 -0.707988 0.698402 -0.707107 -0.707107 -0.707107 -0.707761 -0.707714 -0.707416 -0.707403 -0.707519 -0.708274 0.706369 0.705861 0.706162 0.705484 -0.707107 
-0.707312 -0.707397 -0.7075 -0.708094 -0.707107 -0.709014 -0.707506 -0.707324 -0.707379 -0.707457 -0.707545 -0.707531 -0.709399 -0.707107 -0.707107 -0.707107 -0.707107 -0.849876 -0.709112 -0.707908 -0.707524 -0.708392 0.700633 0.705326 -0.707642 -0.707717 -0.708009 -0.707874 
-0.708705 0.706205 -0.708074 -0.707107 -0.707107 -0.707107 -0.708031 -0.707376 -0.707305 -0.707356 -0.707531 -0.707666 -0.707107 -0.707107 -0.707107 -0.707107 -0.715226 -0.708287 -0.707107 -0.708695 -0.707598 0.696469 -0.708638 -0.708753 -0.707537 -0.70764 -0.707622 -0.707736 
-0.707558 -0.708918 -0.707677 -0.707107 -0.707107 -0.707107 -0.708919 -0.707605 -0.707483 -0.707481 -0.707632 -0.708421 -0.707107 0.705766 0.705968 0.706043 0.70649 0.706334 0.639717 -0.7076 -0.707615 0.706826 0.706106 0.706447 -0.708234 -0.707628 -0.707535 -0.70744 
-0.7074 -0.708215 -0.707757 -0.707107 -0.707107 -0.707107 -0.710164 -0.769616 -0.707893 -0.708075 -0.716815 -0.707107 0.682128 0.706346 0.706534 0.706608 0.706679 0.70604 0.706439 0.705778 0.706213 0.706846 0.706298 0.62535 -0.70756 -0.707463 -0.707386 -0.707342 
-0.707664 -0.707704 0.705101 0.706181 0.705106 -0.707107 -0.707107 -0.707107 -0.707107 -0.707107 -0.707107 -0.707107 -0.708443 0.705329 -0.707107 0.704986 0.706591 0.706466 0.706388 0.706757 0.706735 0.706848 0.706587 0.705867 -0.707749 -0.707514 -0.707347 -0.707307 
-0.709133 -0.708298 0.706178 0.706503 0.706379 0.706277 -0.707107 -0.707107 -0.707107 0.703998 0.704561 0.704858 0.70414 0.706632 0.685093 0.704778 0.705894 0.705886 0.70562 0.706436 0.706633 0.706593 0.69382 0.704561 0.661739 -0.70875 -0.707727 -0.707508 
-0.713328 -0.707107 0.706137 0.706732 0.706521 0.706682 0.706328 -0.707107 -0.707107 0.706331 0.706307 0.706606 0.706415 0.706705 0.705559 0.705733 0.706459 0.706723 0.706817 0.706762 0.706817 0.706878 0.706745 0.706627 0.706058 -0.70839 -0.707551 -0.707472 
-0.709865 -0.71194 0.70584 0.706162 0.66445 0.705772 0.705754 -0.707107 -0.707107 0.706607 0.706179 0.70624 0.706303 0.706175 -0.728 -0.712757 0.706441 0.706795 0.706772 0.706726 0.706806 0.706751 0.706587 0.702026 -0.782263 -0.707947 -0.707541 -0.708585 
0.706467 -0.707107 -0.707107 -0.708229 -0.707107 -0.709216 0.705304 -0.711539 0.706437 0.706884 0.706861 0.706609 0.70577 0.705586 -0.711986 -0.707723 0.704888 0.706878 0.706843 0.706826 0.706751 0.706803 0.706786 0.70665 0.706593 0.706503 0.706071 0.705827 
0.706335 -0.707107 0.706195 -0.7079 -0.707736 -0.707565 -0.709947 -0.707536 0.703374 0.70683 0.706728 0.706599 0.706262 0.70607 -0.707107 -0.710969 0.70367 0.706695 0.706707 0.706586 0.706313 0.706712 0.706529 0.706003 0.706197 0.70564 0.702246 0.684108 
0.702967 -0.707107 0.705871 0.703247 -0.707663 -0.707542 -0.727038 -0.707422 -0.708412 0.706628 0.706711 0.7066 0.706361 -0.707107 -0.707107 -0.707107 -0.707107 0.706639 0.706798 0.70671 0.706836 0.706908 0.706722 0.705738 -0.709657 -0.707915 -0.707737 0.705526 
0.530114 -0.709314 -0.707745 -0.7075 -0.707495 -0.707448 0.703504 -0.707479 0.705538 0.706812 0.706691 0.706518 0.706519 -0.707107 -0.707107 -0.708277 -0.708345 -0.70897 0.706366 0.706678 0.706626 0.706737 -0.707107 -0.707107 -0.707107 -0.708607 -0.707835 -0.707107 
-0.707107 -0.707877 -0.707416 -0.70738 -0.707434 -0.707582 -0.712043 -0.709131 0.706711 0.706915 0.706736 0.705583 0.705828 -0.707107 -0.707107 -0.72031 -0.707107 -0.707107 0.703678 0.705355 -0.707107 0.70575 -0.707107 -0.708844 -0.70829 -0.707107 -0.707894 -0.709148 
-0.709989 -0.707559 -0.707417 -0.707561 -0.70748 0.70345 0.699247 -0.707586 -0.707751 0.705381 -0.707484 -0.70774 -0.707804 -0.717171 -0.707107 -0.707107 -0.707107 -0.707107 -0.707107 -0.707107 -0.707107 -0.707107 -0.707107 -0.708041 -0.707868 -0.707971 -0.707421 -0.707619 
-0.707107 -0.707107 -0.707891 -0.707835 -0.708782 -0.707788 -0.707713 -0.707618 -0.707527 -0.707619 -0.707542 -0.707605 -0.707452 -0.707528 -0.993723 -0.708117 -0.709017 -0.707107 -0.707107 -0.708266 -0.708061 -0.707107 -0.708068 -0.707536 -0.707634 0.706208 -0.707481 -0.70768 
-0.708979 -0.708108 -0.707549 -0.707562 -0.707882 -0.707683 -0.707369 -0.707335 -0.707339 -0.707406 -0.707407 -0.707312 -0.707315 -0.707358 -0.707477 -0.707522 -0.708028 0.706105 -0.709394 -0.707107 -0.708196 -0.709183 -0.707686 -0.707413 -0.707361 0.704571 -0.707326 -0.70744 
-0.707595 -0.708278 -0.708824 -0.707107 -0.718949 -0.707107 -0.707649 -0.707707 -0.707572 -0.707721 -0.707712 -0.707526 -0.707739 -0.71015 0.70534 -0.708949 -0.708826 0.705361 -0.713877 -0.707107 -0.707927 -0.709417 -0.708197 -0.707518 -0.707542 0.703827 -0.707357 -0.707477 
-0.707902 -0.707107 -0.707107 -0.707107 -0.707834 -0.708041 -0.708188 -0.707699 -0.707413 -0.707607 -0.708274 -0.707909 -0.709175 0.70657 0.705759 -0.707826 -0.708196 -0.708081 -0.708788 -0.765627 -0.710766 -0.707107 -0.708394 -0.707967 -0.70757 0.704103 -0.707392 -0.707641 
0.706208 -0.709956 -0.70792 -0.707789 -0.707603 -0.707519 0.699179 0.706065 0.706375 0.70665 0.706748 0.703981 0.706609 0.706847 0.706465 -0.707823 -0.707478 -0.707438 -0.707673 -0.707107 -0.707107 -0.707107 -0.707107 -0.707107 -0.707451 -0.710472 -0.707406 -0.708076 
-0.707475 -0.707554 -0.769805 -0.708666 -0.707598 -0.708027 0.706537 0.706088 0.706332 0.706833 0.706784 0.706609 0.706836 0.70691 0.7069 0.706597 -0.71022 -0.707407 -0.707524 -0.708044 -0.707107 -0.707107 -0.707107 -0.707107 -0.707751 -0.707572 -0.707405 -0.708469 
-0.710361 -0.727514 0.703489 0.700624 -0.708542 0.704938 0.706751 0.706653 0.706411 0.706768 0.70664 0.706724 0.706884 0.706937 0.706913 0.706705 -0.711992 -0.707767 -0.710258 -0.70947 -0.707107 -0.707107 -0.707107 -0.707107 -0.707107 -0.707107 -0.707107 -0.707107 
-0.709426 -0.707588 0.702326 0.706673 -0.708159 -0.707596 -0.708562 0.705868 0.694077 0.706761 0.706787 0.70679 0.706776 0.706912 0.706847 0.706668 -0.708231 -0.709869 -0.708864 -0.70928 -0.710835 -0.707107 -0.707107 -0.707107 -0.707107 -0.708723 -0.707554 -0.71016 
-0.707376 -0.707415 -0.709886 0.70619 0.704081 0.694545 0.706396 0.706643 0.706519 0.706858 0.7069 0.706907 0.70685 0.706898 0.706721 0.701956 -0.707529 -0.708223 0.705713 0.705288 -0.710132 -0.707107 -0.707107 -0.707107 -0.71183 -0.9139 -0.708963 0.701418 
-0.707296 -0.707525 0.700981 0.706279 -0.707107 0.705814 0.706178 0.70607 -0.708613 0.706319 0.706583 0.706598 0.705888 0.706436 0.706162 -0.708705 -0.707891 -0.707872 -0.707107 -0.712653 -0.707695 -0.708983 -0.707107 -0.708105 -0.707107 -0.707107 0.660159 0.705943 
-0.707315 -0.707428 -0.707554 -0.709884 -0.707107 -0.707107 0.706185 0.706617 0.706148 0.706808 0.706782 0.706422 -0.708658 -0.70788 -0.707719 -0.707514 -0.707939 -0.707107 -0.707107 -0.707107 -0.707107 -0.707107 -0.711202 -0.707521 -0.707504 0.701096 0.706872 0.706887 
-0.707281 -0.70739 -0.707475 -0.707498 -0.734363 0.704165 0.706821 0.706876 0.706801 0.706877 0.706738 0.684556 -0.707764 -0.707452 -0.707569 -0.707453 -0.708213 -0.708564 -0.707107 -0.707107 -0.708217 -0.70759 -0.70755 -0.707467 -0.707338 -0.707603 0.706508 0.706806 
-0.707476 -0.707107 -0.707107 -0.707107 -0.707107 0.701631 0.706677 0.70684 0.706877 0.706926 0.706696 -0.728094 -0.71012 -0.707457 -0.70761 -0.707895 -0.707107 -0.71013 0.705161 -0.707107 -0.707666 -0.707379 -0.707425 -0.707368 -0.707342 -0.707956 0.706848 0.706776 


0.70668 0.706738 0.706816 0.705729 -0.708002 -0.707715 -0.711445 0.688871 0.705452 0.551175 0.706756 0.706775 0.706224 -0.715706 -0.707107 -0.707107 -0.707107 0.706452 0.706499 0.706797 0.70681 0.706694 0.705937 -0.707844 -0.70835 -0.70805 -0.708726 -0.707107 
0.706902 0.706817 0.706714 0.706118 -0.707107 0.705195 0.706707 0.706889 0.706835 0.706756 0.706668 0.706683 0.704807 -0.707107 -0.707107 -0.707107 -0.707107 0.526982 0.705096 0.706305 0.706689 0.705819 -0.713522 -0.708883 0.706571 0.706496 0.706203 0.706339 
0.705505 -0.708008 0.706138 -0.707107 -0.707107 -0.707107 0.706181 0.706837 0.706909 0.706857 0.706683 0.706547 -0.707107 -0.707107 -0.707107 -0.707107 0.698893 0.705924 -0.707107 0.705515 0.706615 -0.717587 0.705572 0.705456 0.706676 0.706574 0.706591 0.706477 
0.706656 0.705291 0.706536 -0.707107 -0.707107 -0.707107 0.70529 0.706608 0.706731 0.706733 0.706581 0.70579 -0.707107 -0.708445 -0.708244 -0.708169 -0.707724 -0.707878 -0.76861 0.706613 0.706598 -0.707387 -0.708106 -0.707766 0.705978 0.706585 0.706678 0.706774 
0.706814 0.705997 0.706456 -0.707107 -0.707107 -0.707107 0.704036 0.638508 0.70632 0.706137 0.697263 -0.707107 -0.731233 -0.707867 -0.70768 -0.707605 -0.707534 -0.708172 -0.707774 -0.708433 -0.708 -0.707367 -0.707914 -0.780344 0.706653 0.706751 0.706828 0.706872 
0.706549 0.706509 -0.709107 -0.708032 -0.709102 -0.707107 -0.707107 -0.707107 -0.707107 -0.707107 -0.707107 -0.707107 0.705768 -0.70888 -0.707107 -0.709221 -0.707622 -0.707747 -0.707825 -0.707456 -0.707478 -0.707366 -0.707626 -0.708345 0.706464 0.706699 0.706866 0.706906 
0.705075 0.705914 -0.708034 -0.707711 -0.707834 -0.707936 -0.707107 -0.707107 -0.707107 -0.710202 -0.709643 -0.709349 -0.710061 -0.707581 -0.728455 -0.709428 -0.708318 -0.708326 -0.70859 -0.707777 -0.70758 -0.707621 -0.720149 -0.709643 -0.749734 0.70546 0.706486 0.706706 
0.70083 -0.707107 -0.708076 -0.707481 -0.707692 -0.707531 -0.707885 -0.707107 -0.707107 -0.707882 -0.707906 -0.707607 -0.707798 -0.707508 -0.708651 -0.708478 -0.707754 -0.70749 -0.707396 -0.707451 -0.707397 -0.707335 -0.707468 -0.707586 -0.708154 0.705821 0.706663 0.706741 
0.704338 0.702241 -0.708371 -0.70805 -0.747333 -0.708439 -0.708457 -0.707107 -0.707107 -0.707606 -0.708033 -0.707972 -0.707909 -0.708037 0.685578 0.701411 -0.707772 -0.707418 -0.707441 -0.707487 -0.707407 -0.707462 -0.707626 -0.712152 0.622948 0.706265 0.706673 0.705626 
-0.707746 -0.707107 -0.707107 0.705982 -0.707107 0.704991 -0.708905 0.702647 -0.707776 -0.707329 -0.707353 -0.707604 -0.708441 -0.708625 0.702193 0.70649 -0.709318 -0.707336 -0.70737 -0.707388 -0.707462 -0.70741 -0.707427 -0.707563 -0.70762 -0.70771 -0.708141 -0.708384 
-0.707878 -0.707107 -0.708018 0.706313 0.706477 0.706649 0.704255 0.706677 -0.71082 -0.707384 -0.707485 -0.707614 -0.707951 -0.708142 -0.707107 0.703223 -0.710526 -0.707519 -0.707506 -0.707627 -0.7079 -0.707501 -0.707684 -0.708209 -0.708016 -0.708571 -0.711934 -0.729381 
-0.711222 -0.707107 -0.70834 -0.710946 0.70655 0.706671 0.686597 0.706792 0.705799 -0.707585 -0.707503 -0.707613 -0.707852 -0.707107 -0.707107 -0.707107 -0.707107 -0.707574 -0.707416 -0.707503 -0.707378 -0.707306 -0.707491 -0.708473 0.704547 0.706298 0.706476 -0.708684 
-0.847927 0.704893 0.706467 0.706713 0.706719 0.706766 -0.710692 0.706734 -0.708672 -0.707401 -0.707522 -0.707695 -0.707694 -0.707107 -0.707107 0.705934 0.705867 0.705238 -0.707847 -0.707535 -0.707588 -0.707477 -0.707107 -0.707107 -0.707107 0.705604 0.706377 -0.707107 
-0.707107 0.706336 0.706798 0.706833 0.706779 0.706631 0.702136 0.705076 -0.707502 -0.707298 -0.707477 -0.708627 -0.708383 -0.707107 -0.707107 0.693652 -0.707107 -0.707107 -0.710519 -0.708854 -0.707107 -0.708461 -0.707107 0.705365 0.705922 -0.707107 0.706318 0.70506 
0.704213 0.706654 0.706796 0.706652 0.706733 -0.710745 -0.71488 0.706627 0.706462 -0.708829 0.706729 0.706473 0.706409 0.696897 -0.707107 -0.707107 -0.707107 -0.707107 -0.707107 -0.707107 -0.707107 -0.707107 -0.707107 0.706171 0.706345 0.706242 0.706792 0.706595 
-0.707107 -0.707107 0.706321 0.706377 0.705427 0.706425 0.7065 0.706595 0.706687 0.706594 0.706671 0.706608 0.706761 0.706685 0.111865 0.706095 0.705191 -0.707107 -0.707107 0.705946 0.706151 -0.707107 0.706144 0.706678 0.706579 -0.708004 0.706732 0.706533 
0.705229 0.706104 0.706665 0.706651 0.706331 0.706531 0.706844 0.706879 0.706874 0.706807 0.706806 0.706902 0.706898 0.706855 0.706737 0.706691 0.706185 -0.708107 0.704812 -0.707107 0.706016 0.705025 0.706527 0.7068 0.706852 -0.709634 0.706888 0.706773 
0.706618 0.705933 0.705386 -0.707107 0.695063 -0.707107 0.706565 0.706506 0.706641 0.706492 0.706501 0.706687 0.706474 0.70405 -0.708869 0.70526 0.705384 -0.708848 0.700271 -0.707107 0.706285 0.704789 0.706014 0.706695 0.706671 -0.710371 0.706857 0.706737 
0.70631 -0.707107 -0.707107 -0.707107 0.706378 0.706171 0.706024 0.706514 0.7068 0.706606 0.705938 0.706304 0.705033 -0.707643 -0.708452 0.706387 0.706016 0.706131 0.705421 0.643285 0.703428 -0.707107 0.705818 0.706246 0.706643 -0.710098 0.706821 0.706572 
-0.708005 0.704246 0.706293 0.706424 0.70661 0.706695 -0.714946 -0.708147 -0.707838 -0.707563 -0.707465 -0.710219 -0.707604 -0.707367 -0.707748 0.70639 0.706735 0.706775 0.70654 -0.707107 -0.707107 -0.707107 -0.707107 -0.707107 0.706762 0.703726 0.706808 0.706136 
0.706738 0.70666 0.63828 0.705544 0.706615 0.706185 -0.707676 -0.708124 -0.70788 -0.70738 -0.707429 -0.707604 -0.707377 -0.707304 -0.707314 -0.707616 0.70398 0.706806 0.706689 0.706168 -0.707107 -0.707107 -0.707107 -0.707107 0.706462 0.706641 0.706808 0.705742 
0.703838 0.686093 -0.710706 -0.71353 0.705669 -0.709269 -0.707462 -0.70756 -0.707802 -0.707445 -0.707573 -0.70749 -0.70733 -0.707277 -0.707301 -0.707508 0.702188 0.706446 0.703941 0.704735 -0.707107 -0.707107 -0.707107 -0.707107 -0.707107 -0.707107 -0.707107 -0.707107 
0.70478 0.706625 -0.711856 -0.707541 0.706053 0.706617 0.705649 -0.708343 -0.719901 -0.707453 -0.707426 -0.707424 -0.707437 -0.707302 -0.707367 -0.707545 0.705981 0.704334 0.705345 0.704926 0.703359 -0.707107 -0.707107 -0.707107 -0.707107 0.705487 0.706659 0.70404 
0.706837 0.706799 0.704316 -0.708023 -0.71012 -0.719449 -0.707817 -0.70757 -0.707694 -0.707355 -0.707313 -0.707307 -0.707363 -0.707316 -0.707492 -0.71222 0.706684 0.705989 -0.708498 -0.708921 0.704069 -0.707107 -0.707107 -0.707107 0.702351 0.40594 0.705246 -0.71275 
0.706918 0.706688 -0.71318 -0.707934 -0.707107 -0.708397 -0.708034 -0.708142 0.705597 -0.707894 -0.70763 -0.707615 -0.708323 -0.707777 -0.70805 0.705505 0.706322 0.706341 -0.707107 0.701517 0.706518 0.705225 -0.707107 0.706107 -0.707107 -0.707107 -0.751126 -0.708268 
0.706899 0.706786 0.706659 0.704319 -0.707107 -0.707107 -0.708028 -0.707596 -0.708064 -0.707405 -0.707432 -0.707791 0.705552 0.706333 0.706494 0.706699 0.706273 -0.707107 -0.707107 -0.707107 -0.707107 -0.707107 0.702988 0.706693 0.706709 -0.713067 -0.707341 -0.707327 
0.706932 0.706824 0.706738 0.706715 0.678757 -0.710037 -0.707393 -0.707337 -0.707412 -0.707336 -0.707475 -0.72896 0.706449 0.706761 0.706644 0.70676 0.705999 0.705646 -0.707107 -0.707107 0.705994 0.706623 0.706663 0.706747 0.706875 0.706611 -0.707705 -0.707407 
0.706738 -0.707107 -0.707107 -0.707107 -0.707107 -0.712541 -0.707536 -0.707374 -0.707336 -0.707288 -0.707517 0.685477 0.704081 0.706756 0.706603 0.706318 -0.707107 0.704071 -0.709047 -0.707107 0.706548 0.706834 0.706788 0.706845 0.706871 0.706256 -0.707365 -0.707437 


